名称           次数    记忆体         系统时间  使用者时间     指令数
ask            99      1749           1         0              2632   (17477   )
bian           2       612            0         0              2355   (3728    )
bite           1       568            0         0              1597   (1597    )
bow            16      472            0         0              1559   (1634    )
buy            88      7351           3         1              11092  (16880   )
cast           270     1641           0         1              3500   (15149   )
checkrzr       1       1492           0         10             4312   (4312    )
cry            3       478            0         0              4768   (4807    )
dao            2       472            0         0              1571   (1635    )
down           1       568            0         0              4376   (4376    )
drink          60      472            1         0              1877   (2476    )
drop           2       960            0         0              3471   (3645    )
east           1       472            0         0              2664   (2664    )
enchant        58      482            0         0              327    (372     )
enforce        346     473            0         0              397    (449     )
enter          12      2226           1         2              4173   (11414   )
es             3       3665           10        0              1032   (1482    )
exercise       138     570            0         0              704    (749     )
exert          2586    474            0         0              1145   (1458    )
fight          33      580            0         0              1796   (2366    )
fly            377     777            0         0              6523   (43644   )
follow         37      488            0         0              945    (1090    )
get            22      472            1         0              1646   (2150    )
giggle         1       568            0         0              1940   (1940    )
go             25622   992            0         0              2779   (67200   )
hehe           23      472            1         0              1565   (1693    )
help!          1       568            0         0              1567   (1567    )
hi             42      472            0         0              1587   (1976    )
hp             428     475            0         0              2400   (2622    )
hug            18      472            3         0              5166   (5451    )
inventory      1       1192           0         0              3375   (3375    )
kill           585     538            0         0              2177   (11831   )
kquest         55      488            0         0              874    (898     )
learn          8344    472            0         0              3071   (3629    )
look           2255    493            0         0              4939   (11638   )
meditate       41      595            0         0              746    (787     )
mount          1       1532           0         10             3640   (3640    )
nip            1       568            0         0              5215   (5215    )
north          2       472            0         0              3180   (3696    )
open           6       567            0         0              637    (895     )
out            10      498            0         0              3764   (7012    )
perform        34      1398           5         1              28322  (33102   )
profile        2       1262           0         0              2885   (3458    )
remove         8       469            0         0              723    (1158    )
right          12      2056           2         0              2953   (7443    )
save           37      487            1         0              1129   (1150    )
say            27      538            0         0              732    (1046    )
score          3       1869           3         0              8211   (8259    )
set            43      511            0         0              456    (501     )
shrug          9       472            0         0              1636   (1661    )
sigh           5       476            2         0              1554   (1591    )
skills         1154    498            0         0              4783   (6374    )
slap           17      478            1         0              4995   (5094    )
sldh           1       472            0         0              668    (668     )
sleepy         9       472            0         0              5152   (5250    )
slogan         3       504            0         0              1539   (1552    )
smile          67      473            1         0              1997   (4510    )
sneer          10      472            2         0              4992   (5094    )
snicker        1       472            0         0              1941   (1941    )
surrender      10      513            0         0              631    (685     )
top            1       1572           10        0              1296   (1296    )
touchy         1       568            0         0              4704   (4704    )
unset          102     467            0         0              311    (356     )
wear           54      544            0         0              2707   (8784    )
west           1       20552          10        0              15578  (15578   )
who            1       2336           0         10             3069   (3069    )
wield          35      613            0         0              1542   (3524    )
wink2          28      472            0         0              1776   (2206    )
